$ANSIBLE_VAULT;1.1;AES256
62303339313162666364386230333065323538323262326538636131653431303361383833326363
6637633739363338613261663239343664316238326236390a656462316335616438373532316261
33363931363136393339656336636666393662646639346433306661376539353031303130366535
6161633038636330300a396562366661363561383565336562326662396264623731656431373430
34663835393332643935376564363934393236313633663434386334306436386238353539636136
62383333303461353834393235666266316433323237343939353365346637366363386534303930
36633838373037636634383164363639616230613163656461666236373137626465356339633635
66316565633033336139333939386563353066313965623631326563653664343461343736316365
33333837383035633037653735643364333339633134326233303861643736306264306261356464
38353532346438333162363237613932353435316337656662313333333165373236353461353236
32313362643235316539313164373365303362316130656633323336373631636338643838633533
32393033323666346334393765656362303366303265303262353664326338663362633938353531
61396635376161336364616435366466393364626633366335313932326462636631636462653437
61613763633231626232613830396631306563363538633365323638663131626232313131636233
66376266383765303164633034373838326339623364316562326439623862666165323035383038
37653263623563633032653864393737356665313332366264313331643033646538346337356662
38333731343730303933366631353131656166663934653266303562613465633138656239343737
36643539643533626266323263653438333366373837613166313637386332376264373866373066
34323133393831353033623065633835663762346236646537363962646362366338303332633166
30613562646461663339323836653230306331643030303065353937303831366365346638613738
64376565386433323638363063663236373139653433363461616363343537343235383265313638
32653732656431626662663839653534643438623938613463316433376166666363303932393863
65626330653530303264653230393262353461613438396437336165643463363433303035636236
65656266623065363264653961653738653361373235363034393064646135666533626163666137
61303465313037303463373665323166663765623333333933663531336364356265343664666464
34386433343238663930356134353432303166663030306436383235376532613430653936313532
32386130653835356337343234393131336562616638313465666135653034666465343831383636
66313663623861623738323764336533633735383964393337343063643061356337663935353637
30346263313434656438633634373731386231363863383935353361653862643161346138336561
32633035386634616465343237356337613533343032613363626135383037663766366566653733
39313961353761313138626635376539643366313938306265326238376363653339646139343739
64633530396338656533303134623033366363303234336565323164653763613235343664323031
31666239643934313537313364323764313364653738353263373662373538393563383331653536
65363537373333613636396465346335303530333531386235323830393064313262303561663861
35616335623336613136303230323430343364616262373038643534323639396138616263356162
66323933333232646139376533343838643966653636666634373830656130353338363861353165
65656130346232356534396631656132366164343533313139343639666638356265
